118 270 
303 230 
512 183 
112 567 
554 555 
701 70 
850 508 
600 526 
374 167 
908 717 
438 764 
755 362 
594 595 
299 480 
310 106 
417 560 
974 911 
363 316 
791 291 
510 827 
676 96 
307 685 
503 867 
615 600 
337 796 
810 119 
803 4 
840 8 
29 449 
347 529 
918 57 
452 298 
262 346 
315 783 
752 60 
613 622 
324 777 
822 618 
82 101 
684 164 
842 202 
537 560 
252 281 
947 848 
363 88 
455 83 
215 347 
543 634 
135 114 
786 841 
468 883 
836 792 
590 204 
362 711 
322 171 
828 283 
822 281 
778 26 
937 750 
291 209 
719 970 
209 654 
100 253 
218 304 
122 702 
205 492 
566 410 
424 391 
358 17 
429 362 
321 517 
713 463 
204 996 
740 610 
799 230 
200 261 
789 694 
739 893 
693 670 
136 164 
488 469 
699 486 
250 187 
963 768 
667 799 
76 673 
655 832 
38 149 
40 279 
41 642 
637 913 
955 620 
65 246 
371 783 
28 28 
696 738 
717 401 
26 14 
89 550 
933 395 
438 50 
981 354 
993 32 
667 339 
134 80 
522 407 
109 671 
463 369 
27 251 
601 17 
885 36 
925 9 
773 255 
845 444 
696 38 
811 22 
596 324 
970 725 
483 163 
252 847 
43 344 
601 165 
448 672 
190 349 
753 969 
104 450 
921 416 
7 763 
779 726 
106 883 
611 347 
185 68 
337 293 
854 474 
861 971 
231 449 
601 111 
729 424 
275 242 
775 107 
735 134 
822 209 
644 983 
690 678 
479 640 
866 747 
642 24 
611 467 
208 780 
984 967 
7 25 
194 428 
759 215 
733 566 
973 795 
136 439 
361 515 
622 248 
87 202 
436 301 
463 564 
413 702 
328 417 
185 197 
424 502 
103 169 
35 491 
547 91 
726 110 
531 413 
543 983 
869 168 
4 221 
419 518 
732 29 
416 256 
883 378 
288 359 
949 291 
518 340 
412 851 
900 913 
303 307 
234 426 
559 986 
117 120 
116 738 
457 873 
64 235 
266 231 
920 994 
301 459 
648 347 
132 710 
505 988 
2 99 
705 78 
75 818 
231 343 
646 280 
175 704 
622 63 
96 393 
40 786 
231 42 
891 61 
719 215 
425 95 
768 881 
884 649 
81 716 
291 703 
984 216 
459 951 
851 821 
739 700 
602 611 
531 169 
381 684 
81 918 
790 653 
783 688 
384 215 
357 497 
756 803 
145 93 
249 134 
860 885 
298 587 
83 672 
446 654 
756 482 
362 152 
175 942 
543 86 
137 173 
420 452 
441 166 
791 603 
613 19 
717 644 
134 970 
716 759 
205 549 
296 272 
316 608 
495 232 
639 382 
291 99 
377 33 
28 775 
242 893 
924 588 
347 457 
905 158 
882 946 
500 131 
690 752 
295 646 
114 435 
397 480 
61 601 
182 569 
208 113 
304 729 
229 620 
631 756 
780 130 
287 748 
734 124 
264 205 
779 117 
251 268 
52 357 
412 943 
350 684 
213 834 
434 306 
551 895 
374 273 
159 521 
309 690 
827 955 
120 163 
187 497 
822 633 
209 101 
92 994 
289 361 
147 165 
469 356 
815 209 
739 644 
437 772 
241 330 
406 53 
801 824 
515 882 
746 75 
161 191 
244 293 
96 937 
669 292 
554 803 
694 221 
622 609 
688 97 
189 206 
649 932 
572 58 
790 678 
958 28 
903 261 
735 94 
910 967 
464 851 
797 429 
759 564 
55 759 
329 715 
877 69 
798 424 
823 208 
93 613 
969 827 
405 736 
821 18 
657 233 
243 18 
59 375 
606 23 
51 14 
891 631 
661 554 
878 181 
238 833 
145 475 
590 804 
303 895 
39 500 
617 661 
988 243 
170 538 
540 109 
852 90 
921 514 
993 138 
366 325 
950 17 
392 755 
558 902 
336 636 
757 150 
870 59 
174 941 
706 644 
806 125 
321 975 
517 10 
897 836 
572 256 
688 459 
13 272 
380 848 
921 435 
963 945 
484 80 
934 750 
63 914 
248 994 
704 912 
259 742 
163 139 
469 877 
408 450 
725 626 
109 867 
948 363 
443 194 
314 654 
177 941 
233 253 
60 594 
273 795 
667 162 
208 65 
144 350 
809 995 
308 313 
288 484 
878 368 
514 971 
731 555 
827 838 
580 777 
65 157 
30 865 
227 579 
675 333 
17 908 
496 909 
178 692 
660 702 
683 836 
56 939 
925 669 
877 381 
288 707 
303 66 
443 822 
954 537 
673 867 
739 905 
457 232 
52 757 
249 441 
129 93 
569 485 
622 61 
508 94 
476 431 
46 9 
771 512 
559 664 
178 652 
397 89 
989 460 
369 648 
552 618 
41 922 
720 403 
68 463 
918 550 
291 362 
497 836 
933 512 
532 291 
843 251 
634 789 
683 744 
665 296 
813 344 
988 514 
412 278 
679 583 
241 420 
218 333 
927 82 
803 223 
